{
 "cells": [
  {
   "cell_type": "markdown",
   "id": "b80aa74d",
   "metadata": {},
   "source": [
    "# Simulate the Climbing Game"
   ]
  },
  {
   "cell_type": "code",
   "execution_count": 1,
   "id": "87b529a0",
   "metadata": {},
   "outputs": [],
   "source": [
    "from environment import ClimbingGame\n",
    "from agent import RandomAgent, QLearner\n",
    "from HystereticQLearner import HystereticQLearner\n",
    "from boltzmann import selection as boltzmann_policy\n",
    "from utils import simulate_task\n",
    "import matplotlib.pyplot as plt\n",
    "import numpy as np\n",
    "import random\n",
    "random.seed()"
   ]
  },
  {
   "cell_type": "code",
   "execution_count": 2,
   "id": "fe2c588a",
   "metadata": {
    "scrolled": true
   },
   "outputs": [
    {
     "name": "stdout",
     "output_type": "stream",
     "text": [
      "#------------------------#\n",
      "| Simulation 0          |\n",
      "#------------------------#\n",
      "[0.33333333 0.33333333 0.33333333]\n",
      "[0.33333333 0.33333333 0.33333333]\n",
      "[0.33333333 0.33333333 0.33333333]\n",
      "[0.33333333 0.33333333 0.33333333]\n",
      "[0.33331746 0.33336508 0.33331746]\n",
      "[0.33331746 0.33336508 0.33331746]\n",
      "[0.3333173 0.3333654 0.3333173]\n",
      "[0.3333173 0.3333654 0.3333173]\n",
      "[0.33330326 0.33337266 0.33332408]\n",
      "[0.33332424 0.33335152 0.33332424]\n",
      "[0.33329057 0.33339783 0.3333116 ]\n",
      "[0.33331013 0.33333768 0.33335219]\n",
      "[0.33329155 0.33339777 0.33331067]\n",
      "[0.33331004 0.33333786 0.3333521 ]\n",
      "[0.33329242 0.33339778 0.3333098 ]\n",
      "[0.33330994 0.33333805 0.333352  ]\n",
      "[0.33327811 0.33342623 0.33329566]\n",
      "[0.3332938  0.33336992 0.33333628]\n",
      "[0.33326539 0.333415   0.33331961]\n",
      "[0.33328267 0.33335956 0.33335778]\n",
      "[0.33326483 0.33341595 0.33331922]\n",
      "[0.33328215 0.33335982 0.33335802]\n",
      "[0.33325125 0.33344256 0.33330619]\n",
      "[0.33326688 0.33338961 0.33334351]\n",
      "[0.33324121 0.33346209 0.3332967 ]\n",
      "[0.33325375 0.33337771 0.33336854]\n",
      "[0.3332404  0.33346352 0.33329608]\n",
      "[0.33325336 0.33337733 0.33336931]\n",
      "[0.33323959 0.33346496 0.33329545]\n",
      "[0.33325297 0.33337694 0.33337009]\n",
      "[0.33322698 0.33345462 0.3333184 ]\n",
      "[0.33324318 0.3333684  0.33338841]\n",
      "[0.33321467 0.33347833 0.33330701]\n",
      "[0.33322822 0.33339686 0.33337491]\n",
      "[0.33321371 0.33348004 0.33330625]\n",
      "[0.33322773 0.33339637 0.3333759 ]\n",
      "[0.33320218 0.33350217 0.33329565]\n",
      "[0.3332137  0.33342293 0.33336337]\n",
      "[0.33318485 0.33351188 0.33330327]\n",
      "[0.33322127 0.33340629 0.33337245]\n",
      "[0.3331723  0.33350261 0.33332509]\n",
      "[0.33321164 0.33339853 0.33338983]\n",
      "[0.333234   0.33347265 0.33329335]\n",
      "[0.33327078 0.333369   0.33336022]\n",
      "[0.33322284 0.33346389 0.33331327]\n",
      "[0.33326235 0.33336156 0.33337609]\n",
      "[0.33323111 0.33344644 0.33332246]\n",
      "[0.33324422 0.33337055 0.33338523]\n",
      "[0.33321926 0.33346921 0.33331153]\n",
      "[0.33323001 0.33339756 0.33337244]\n",
      "[0.33320869 0.33346115 0.33333016]\n",
      "[0.33322173 0.33339097 0.3333873 ]\n",
      "[0.33321711 0.33344307 0.33333981]\n",
      "[0.33320284 0.33340043 0.33339673]\n",
      "[0.3331981  0.33345311 0.3333488 ]\n",
      "[0.33321107 0.33338201 0.33340692]\n",
      "[0.33325969 0.33342283 0.33331748]\n",
      "[0.33327177 0.33335153 0.3333767 ]\n",
      "[0.33331618 0.33339511 0.33328871]\n",
      "[0.33332746 0.33332356 0.33334898]\n",
      "[0.33331662 0.33339635 0.33328704]\n",
      "[0.33332813 0.333322   0.33334987]\n",
      "[0.33330499 0.3334199  0.33327511]\n",
      "[0.33331415 0.33334973 0.33333611]\n",
      "[0.3333578  0.33339423 0.33324798]\n",
      "[0.33336619 0.33332378 0.33331002]\n",
      "[0.33336845 0.33337403 0.33325752]\n",
      "[0.33334588 0.33333401 0.33332011]\n",
      "[0.33334804 0.33338483 0.33326713]\n",
      "[0.33335629 0.33331345 0.33333026]\n",
      "[0.33334882 0.33338598 0.3332652 ]\n",
      "[0.33335463 0.3333142  0.33333117]\n",
      "[0.33334961 0.33338715 0.33326324]\n",
      "[0.33335295 0.33331495 0.3333321 ]\n",
      "[0.3333605  0.33336625 0.33327325]\n",
      "[0.33333191 0.33332538 0.3333427 ]\n",
      "[0.3334137  0.33334012 0.33324619]\n",
      "[0.33338654 0.33329799 0.33331548]\n",
      "[0.33340442 0.33336036 0.33323522]\n",
      "[0.33337629 0.33328685 0.33333686]\n",
      "[0.33338275 0.33337183 0.33324542]\n",
      "[0.33338753 0.33326476 0.33334771]\n",
      "[0.33338391 0.33337288 0.33324321]\n",
      "[0.33338882 0.33326258 0.3333486 ]\n",
      "[0.3334363  0.33334734 0.33321637]\n",
      "[0.33344058 0.33323627 0.33332315]\n",
      "[0.333438   0.33334815 0.33321385]\n",
      "[0.33343878 0.33323673 0.33332449]\n",
      "[0.33345056 0.33332531 0.33322413]\n",
      "[0.33341622 0.33324757 0.33333621]\n",
      "[0.33345242 0.3333259  0.33322168]\n",
      "[0.33341782 0.33324517 0.33333701]\n",
      "[0.3334427  0.33334765 0.33320964]\n",
      "[0.33340826 0.33323387 0.33335787]\n",
      "[0.33341949 0.33335996 0.33322055]\n",
      "[0.33342048 0.33320993 0.33336958]\n",
      "[0.33341033 0.33338027 0.33320939]\n",
      "[0.3334118  0.33319913 0.33338907]\n",
      "[0.33341181 0.33338144 0.33320675]\n",
      "[0.33341326 0.33319643 0.33339031]\n",
      "[0.33340983 0.33338331 0.33320686]\n",
      "[0.3334154  0.33319637 0.33338823]\n",
      "[0.33340783 0.33338521 0.33320697]\n",
      "[0.33341755 0.33319631 0.33338614]\n",
      "[0.33340929 0.33338644 0.33320427]\n",
      "[0.33341554 0.33319636 0.3333881 ]\n",
      "[0.33341077 0.33338768 0.33320155]\n",
      "[0.33341706 0.33319359 0.33338935]\n",
      "[0.33340196 0.3334074  0.33319064]\n",
      "[0.33340849 0.33318277 0.33340874]\n",
      "[0.33339394 0.33342556 0.33318049]\n",
      "[0.33340069 0.33317269 0.33342663]\n",
      "[0.33338663 0.33344233 0.33317103]\n",
      "[0.33339358 0.33316329 0.33344313]\n",
      "[0.33337478 0.33343104 0.33319417]\n",
      "[0.33339105 0.33315844 0.33345051]\n",
      "[0.33337607 0.33343289 0.33319104]\n",
      "[0.33338863 0.33315817 0.3334532 ]\n",
      "[0.33337736 0.33343476 0.33318788]\n",
      "[0.33338617 0.33315791 0.33345592]\n",
      "[0.33343713 0.33340612 0.33315676]\n",
      "[0.33344596 0.33312653 0.33342752]\n",
      "[0.33342657 0.33343004 0.33314338]\n",
      "[0.33342583 0.33316698 0.3334072 ]\n",
      "[0.33348199 0.33340377 0.33311424]\n",
      "[0.33348117 0.3331381  0.33338073]\n",
      "[0.33347147 0.33339246 0.33313607]\n",
      "[0.33347967 0.33313314 0.3333872 ]\n",
      "[0.33347389 0.33339408 0.33313204]\n",
      "[0.33348213 0.33312914 0.33338873]\n",
      "[0.33347633 0.33339571 0.33312796]\n",
      "[0.33347929 0.33312925 0.33339146]\n",
      "[0.33344749 0.33341149 0.33314102]\n",
      "[0.33349469 0.33309933 0.33340598]\n",
      "[0.33341837 0.33342742 0.33315421]\n",
      "[0.33351026 0.3330691  0.33342064]\n",
      "[0.33342027 0.33342941 0.33315032]\n",
      "[0.33350761 0.33306865 0.33342374]\n",
      "[0.33340983 0.333453   0.33313716]\n",
      "[0.33348566 0.33311339 0.33340096]\n",
      "[0.33341166 0.33345526 0.33313308]\n",
      "[0.33348271 0.33311341 0.33340388]\n",
      "[0.33340847 0.33345849 0.33313305]\n",
      "[0.3334862  0.33311316 0.33340064]\n",
      "[0.33337775 0.33347549 0.33314675]\n",
      "[0.33350249 0.33308144 0.33341607]\n",
      "[0.3333676  0.33349813 0.33313427]\n",
      "[0.3334805  0.3331263  0.33339321]\n",
      "[0.33335542 0.33348726 0.33315733]\n",
      "[0.33347877 0.33312099 0.33340024]\n",
      "[0.3333459  0.33350828 0.33314582]\n",
      "[0.33345847 0.33316238 0.33337915]\n",
      "[0.33334726 0.33351128 0.33314146]\n",
      "[0.33345502 0.33316301 0.33338197]\n",
      "[0.33333846 0.33353095 0.33313058]\n",
      "[0.33343626 0.33320126 0.33336248]\n",
      "[0.33335572 0.33349855 0.33314573]\n",
      "[0.33340333 0.3332169  0.33337976]\n",
      "[0.3333572  0.33350148 0.33314132]\n",
      "[0.33340565 0.33321252 0.33338183]\n",
      "[0.33332368 0.33352007 0.33315625]\n",
      "[0.33342288 0.3331783  0.33339882]\n",
      "[0.33331845 0.33353221 0.33314934]\n",
      "[0.33341566 0.33316862 0.33341572]\n",
      "[0.33330856 0.33355369 0.33313775]\n",
      "[0.33339572 0.33320848 0.33339579]\n",
      "[0.33329947 0.3335736  0.33312693]\n",
      "[0.33337748 0.33324498 0.33337755]\n",
      "[0.33326433 0.33359344 0.33314223]\n",
      "[0.33339533 0.33320927 0.3333954 ]\n",
      "[0.33326073 0.33360187 0.3331374 ]\n",
      "[0.33338835 0.33320041 0.33341124]\n",
      "[0.33327873 0.33356712 0.33315415]\n",
      "[0.33335246 0.33321728 0.33343025]\n",
      "[0.33324267 0.33358725 0.33317008]\n",
      "[0.33337041 0.33318059 0.333449  ]\n",
      "[0.33323716 0.33359901 0.33316383]\n",
      "[0.33336373 0.33317199 0.33346428]\n",
      "[0.33323756 0.33360308 0.33315936]\n",
      "[0.33336567 0.33316709 0.33346724]\n",
      "[0.33323797 0.33360718 0.33315485]\n",
      "[0.33336139 0.33316772 0.3334709 ]\n",
      "[0.33325656 0.33357085 0.33317259]\n",
      "[0.33332378 0.33318498 0.33349124]\n",
      "[0.33325717 0.33357465 0.33316818]\n",
      "[0.33331942 0.33318562 0.33349497]\n",
      "[0.33324439 0.3336011  0.33315451]\n",
      "[0.33329653 0.33322962 0.33347385]\n",
      "[0.3332449  0.33360522 0.33314989]\n",
      "[0.33329185 0.33323073 0.33347743]\n",
      "[0.33324541 0.33360937 0.33314522]\n",
      "[0.33328711 0.33323185 0.33348104]\n",
      "[0.33324592 0.33361356 0.33314051]\n",
      "[0.33328861 0.33322688 0.33348451]\n",
      "[0.33324152 0.33361816 0.33314032]\n",
      "[0.333291   0.33322865 0.33348035]\n",
      "[0.33323707 0.3336228  0.33314013]\n",
      "[0.33329341 0.33323043 0.33347616]\n",
      "[0.33323257 0.33362749 0.33313994]\n",
      "[0.33329585 0.33323223 0.33347192]\n",
      "[0.33321571 0.33361459 0.33316971]\n",
      "[0.33329351 0.33322924 0.33347725]\n",
      "[0.33321096 0.33361921 0.33316983]\n",
      "[0.333296   0.33323108 0.33347292]\n",
      "[0.33319517 0.33360753 0.33319731]\n",
      "[0.33329352 0.33322795 0.33347852]\n",
      "[0.33318054 0.33359705 0.33322241]\n",
      "[0.33329122 0.33322499 0.3334838 ]\n",
      "[0.33316692 0.33362386 0.33320922]\n",
      "[0.33326772 0.33327005 0.33346223]\n",
      "[0.33312328 0.33364779 0.33322893]\n",
      "[0.33328857 0.33322638 0.33348506]\n",
      "[0.33312316 0.33365296 0.33322388]\n",
      "[0.33328334 0.33322768 0.33348898]\n",
      "[0.33311772 0.33365785 0.33322443]\n",
      "[0.33328592 0.33322969 0.33348439]\n",
      "[0.33310423 0.33368375 0.33321202]\n",
      "[0.3332616  0.33327633 0.33346206]\n",
      "[0.33305871 0.33370891 0.33323238]\n",
      "[0.33328329 0.33323092 0.33348579]\n",
      "[0.33307975 0.33366508 0.33325518]\n",
      "[0.33323759 0.33325247 0.33350994]\n",
      "[0.33307926 0.33367051 0.33325023]\n",
      "[0.33323893 0.33324704 0.33351403]\n",
      "[0.33307369 0.33367542 0.33325089]\n",
      "[0.33324118 0.33324938 0.33350944]\n",
      "[0.33307317 0.33368097 0.33324586]\n",
      "[0.33323565 0.33325083 0.33351352]\n",
      "[0.3330566  0.33367052 0.33327288]\n",
      "[0.33323209 0.33324742 0.33352049]\n",
      "[0.33305074 0.33367546 0.3332738 ]\n",
      "[0.33323437 0.33324985 0.33351578]\n",
      "[0.33305017 0.3336812  0.33326863]\n",
      "[0.33322867 0.33325136 0.33351997]\n",
      "[0.33303415 0.33367153 0.33329432]\n",
      "[0.33322489 0.33324781 0.3335273 ]\n",
      "[0.33303356 0.33367739 0.33328905]\n",
      "[0.33322624 0.33324204 0.33353171]\n",
      "[0.33316057 0.33361581 0.33322362]\n",
      "[0.3333389  0.33318428 0.33347682]\n",
      "[0.3331098  0.33364319 0.33324701]\n",
      "[0.33336369 0.3331333  0.33350301]\n",
      "[0.33309328 0.33367485 0.33323187]\n",
      "[0.33333401 0.33319125 0.33347474]\n",
      "[0.33309337 0.33368081 0.33322582]\n",
      "[0.33332791 0.33319287 0.33347922]\n",
      "[0.33308681 0.33368639 0.3332268 ]\n",
      "[0.33333142 0.33319502 0.33347356]\n",
      "[0.3330711  0.33367671 0.33325219]\n",
      "[0.33332841 0.33319063 0.33348096]\n",
      "[0.33305509 0.33370691 0.333238  ]\n",
      "[0.33330027 0.33324538 0.33345434]\n",
      "[0.33318348 0.33364504 0.33317148]\n",
      "[0.33341041 0.33318928 0.33340031]\n",
      "[0.33318472 0.33365094 0.33316434]\n",
      "[0.33341418 0.33318183 0.33340398]\n",
      "[0.33317887 0.33366284 0.33315829]\n",
      "[0.33340415 0.33316946 0.33342638]\n",
      "[0.33317336 0.33367407 0.33315257]\n",
      "[0.333395   0.33315795 0.33344704]\n",
      "[0.33315882 0.33366457 0.33317661]\n",
      "[0.33339487 0.33315543 0.3334497 ]\n",
      "[0.33310151 0.33369571 0.33320278]\n",
      "[0.33342344 0.33309774 0.33347882]\n",
      "[0.33304363 0.33372716 0.33322921]\n",
      "[0.33345229 0.33303946 0.33350824]\n",
      "[0.33307079 0.33367094 0.33325826]\n",
      "[0.33339479 0.33306583 0.33353938]\n",
      "[0.3332075  0.33360463 0.33318787]\n",
      "[0.33350911 0.33300632 0.33348457]\n",
      "[0.333194   0.33359512 0.33321088]\n",
      "[0.33351017 0.3330023  0.33348753]\n",
      "[0.33318621 0.33360096 0.33321283]\n",
      "[0.33351625 0.33300325 0.33348049]\n",
      "[0.33321574 0.33354164 0.33324262]\n",
      "[0.33345642 0.33303074 0.33351284]\n",
      "[0.33315476 0.33357365 0.33327159]\n",
      "[0.33348705 0.33296891 0.33354404]\n",
      "[0.33315629 0.33357943 0.33326428]\n",
      "[0.33349104 0.33296035 0.33354861]\n",
      "[0.33314411 0.3336027  0.33325318]\n",
      "[0.33348243 0.33294639 0.33357119]\n",
      "[0.3330812  0.33363594 0.33328286]\n",
      "[0.33351388 0.33288258 0.33360354]\n",
      "[0.33306649 0.33362683 0.33330668]\n",
      "[0.3335156  0.33287792 0.33360648]\n",
      "[0.33300218 0.33366061 0.3333372 ]\n",
      "[0.33354768 0.33281282 0.33363949]\n",
      "[0.33298768 0.33365273 0.33335959]\n",
      "[0.33354975 0.33280747 0.33364278]\n",
      "[0.33297404 0.33364579 0.33338016]\n",
      "[0.33355185 0.33280208 0.33364608]\n",
      "[0.33313184 0.3335682  0.33329995]\n",
      "[0.33367628 0.33273568 0.33358804]\n",
      "[0.33312049 0.33356124 0.33331827]\n",
      "[0.33367966 0.33272957 0.33359078]\n",
      "[0.3331082  0.33358382 0.33330797]\n",
      "[0.33367323 0.33271357 0.3336132 ]\n",
      "[0.33311004 0.33359047 0.3332995 ]\n",
      "[0.33367869 0.33270326 0.33361805]\n",
      "[0.33304065 0.33362664 0.3333327 ]\n",
      "[0.33371428 0.3326327  0.33365302]\n",
      "[0.33304185 0.33363376 0.33332439]\n",
      "[0.33371985 0.33262218 0.33365797]\n",
      "[0.3329711  0.33367071 0.33335818]\n",
      "[0.33375616 0.33255019 0.33369365]\n",
      "[0.33295769 0.33366434 0.33337797]\n",
      "[0.33376053 0.33254238 0.33369709]\n",
      "[0.33295823 0.33367203 0.33336975]\n",
      "[0.33376627 0.33253154 0.33370219]\n",
      "[0.33294854 0.3336784  0.33337306]\n",
      "[0.33377603 0.33252881 0.33369516]\n",
      "[0.33292412 0.33372299 0.33335289]\n",
      "[0.33372038 0.3326409  0.33363872]\n",
      "[0.33291207 0.33374276 0.33334517]\n",
      "[0.33371395 0.3326236  0.33366245]\n",
      "[0.3328366  0.33378253 0.33338087]\n",
      "[0.33375247 0.33254709 0.33370044]\n",
      "[0.33301955 0.33369303 0.33328742]\n",
      "[0.33388209 0.33247657 0.33364134]\n",
      "[0.3331873  0.33361115 0.33320155]\n",
      "[0.33400165 0.33241101 0.33358734]\n",
      "[0.33317841 0.33362878 0.3331928 ]\n",
      "[0.3339987  0.33239205 0.33360925]\n",
      "[0.33316676 0.33362167 0.33321157]\n",
      "[0.33400568 0.3323828  0.33361152]\n",
      "[0.33316988 0.33362939 0.33320074]\n",
      "[0.33399786 0.3323805  0.33362164]\n",
      "[0.33317302 0.33363718 0.3331898 ]\n",
      "[0.33398997 0.33237817 0.33363186]\n",
      "[0.33316445 0.33365415 0.3331814 ]\n",
      "[0.33398749 0.33235946 0.33365305]\n",
      "[0.33314464 0.3336936  0.33316176]\n",
      "[0.33393051 0.33247674 0.33359275]\n",
      "[0.33313818 0.33370634 0.33315547]\n",
      "[0.33392818 0.33245976 0.33361206]\n",
      "[0.33312644 0.333715   0.33315856]\n",
      "[0.33394066 0.33245739 0.33360195]\n",
      "[0.33312934 0.33372386 0.3331468 ]\n",
      "[0.33394939 0.33244336 0.33360725]\n",
      "[0.33317104 0.33364027 0.33318869]\n",
      "[0.33386658 0.33247881 0.33365461]\n",
      "[0.33317445 0.33364842 0.33317713]\n",
      "[0.33385735 0.33247748 0.33366517]\n",
      "[0.33316074 0.33363948 0.33319978]\n",
      "[0.33386304 0.33246923 0.33366773]\n",
      "[0.33313749 0.3336856  0.33317692]\n",
      "[0.33380672 0.33258381 0.33360947]\n",
      "[0.33318083 0.33359851 0.33322066]\n",
      "[0.33371991 0.33262196 0.33365813]\n",
      "[0.3331689  0.33360638 0.33322471]\n",
      "[0.33373068 0.33262163 0.33364769]\n",
      "[0.33335006 0.33351768 0.33313226]\n",
      "[0.33387883 0.33254249 0.33357868]\n",
      "[0.33335566 0.33352498 0.33311936]\n",
      "[0.33388777 0.33252765 0.33358458]\n",
      "[0.33336132 0.33353235 0.33310633]\n",
      "[0.3338968  0.33251266 0.33359054]\n",
      "[0.3333497  0.33355814 0.33309216]\n",
      "[0.33389252 0.33249445 0.33361304]\n",
      "[0.33339766 0.33346487 0.33313747]\n",
      "[0.33380034 0.33253481 0.33366485]\n",
      "[0.33338256 0.33349769 0.33311976]\n",
      "[0.3337959  0.33251762 0.33368648]\n",
      "[0.33335489 0.33355566 0.33308945]\n",
      "[0.3337391  0.3326323  0.33362859]\n",
      "[0.33334179 0.33354458 0.33311363]\n",
      "[0.33374376 0.33262578 0.33363045]\n",
      "[0.3332439  0.33359573 0.33316036]\n",
      "[0.33379446 0.33252554 0.33367999]\n",
      "[0.3332489  0.33360429 0.3331468 ]\n",
      "[0.33378294 0.33252546 0.33369159]\n",
      "[0.33322166 0.3336598  0.33311854]\n",
      "[0.33372514 0.33264197 0.33363289]\n",
      "[0.3332265  0.33366907 0.33310443]\n",
      "[0.33371276 0.33264314 0.33364409]\n",
      "[0.33312447 0.33372298 0.33315255]\n",
      "[0.33376521 0.33253895 0.33369584]\n",
      "[0.33317488 0.33362186 0.33320325]\n",
      "[0.33366392 0.33258367 0.33375241]\n",
      "[0.33307132 0.33367579 0.33325289]\n",
      "[0.33371634 0.3324779  0.33380575]\n",
      "[0.3330576  0.33368479 0.33325761]\n",
      "[0.33372841 0.33247744 0.33379416]\n",
      "[0.33302419 0.33374962 0.33322619]\n",
      "[0.33366275 0.3326081  0.33372915]\n",
      "[0.33302733 0.33376011 0.33321256]\n",
      "[0.33365   0.3326088 0.3337412]\n",
      "[0.33301294 0.33377008 0.33321698]\n",
      "[0.33366155 0.33260982 0.33372863]\n",
      "[0.33299841 0.33378014 0.33322145]\n",
      "[0.33367323 0.33261085 0.33371592]\n",
      "[0.33296632 0.33384208 0.33319159]\n",
      "[0.33361139 0.3327341  0.33365451]\n",
      "[0.3328547  0.33390123 0.33324406]\n",
      "[0.33366775 0.33262094 0.33371131]\n",
      "[0.33290739 0.33379186 0.33330075]\n",
      "[0.33355681 0.33267081 0.33377238]\n",
      "[0.33289255 0.33380176 0.33330569]\n",
      "[0.33356768 0.33267271 0.33375961]\n",
      "[0.33287193 0.33383885 0.33328922]\n",
      "[0.33355647 0.33265251 0.33379102]\n",
      "[0.332874   0.3338507  0.33327531]\n",
      "[0.3335637  0.33263567 0.33380062]\n",
      "[0.33285211 0.33383862 0.33330927]\n",
      "[0.33356648 0.33262908 0.33380445]\n",
      "[0.33285421 0.33385071 0.33329508]\n",
      "[0.33355243 0.33263015 0.33381742]\n",
      "[0.33285634 0.33386293 0.33328074]\n",
      "[0.33355972 0.33261289 0.33382739]\n",
      "[0.33283411 0.33385081 0.33331509]\n",
      "[0.33356246 0.33260607 0.33383146]\n",
      "[0.33283627 0.33386327 0.33330046]\n",
      "[0.33354805 0.33260708 0.33384488]\n",
      "[0.33289376 0.33374353 0.33336271]\n",
      "[0.33342669 0.33266139 0.33391192]\n",
      "[0.33277013 0.33380731 0.33342257]\n",
      "[0.33348669 0.3325364  0.33397691]\n",
      "[0.33272399 0.33389307 0.33338294]\n",
      "[0.33340827 0.3326884  0.33390333]\n",
      "[0.3326994  0.33393564 0.33336496]\n",
      "[0.33339542 0.33266832 0.33393626]\n",
      "[0.33270051 0.33394926 0.33335024]\n",
      "[0.33337992 0.33266965 0.33395043]\n",
      "[0.33265847 0.33402684 0.33331469]\n",
      "[0.33330621 0.33281142 0.33388237]\n",
      "[0.33265924 0.33404146 0.33329931]\n",
      "[0.33328965 0.33281428 0.33389607]\n",
      "[0.33263296 0.33402906 0.33333798]\n",
      "[0.33328984 0.33280968 0.33390048]\n",
      "[0.33269393 0.33389987 0.33340621]\n",
      "[0.33315726 0.33287035 0.33397239]\n",
      "[0.33264721 0.3339862  0.33336659]\n",
      "[0.33308599 0.33300483 0.33390919]\n",
      "[0.33262222 0.33397467 0.33340312]\n",
      "[0.33308414 0.33300216 0.3339137 ]\n",
      "[0.33259794 0.33401539 0.33338667]\n",
      "[0.33306824 0.33298543 0.33394634]\n",
      "[0.33255489 0.33409361 0.3333515 ]\n",
      "[0.3330011 0.333111  0.3338879]\n",
      "[0.3325355  0.33410706 0.33335744]\n",
      "[0.33300869 0.33311971 0.33387161]\n",
      "[0.33251052 0.33409788 0.33339159]\n",
      "[0.3330061  0.33311825 0.33387565]\n",
      "[0.33249056 0.33411144 0.33339799]\n",
      "[0.33301385 0.33312713 0.33385903]\n",
      "[0.33244868 0.33418614 0.33336518]\n",
      "[0.33295021 0.33324602 0.33380377]\n",
      "[0.33244871 0.33420377 0.33334752]\n",
      "[0.33295561 0.33322658 0.33381782]\n",
      "[0.33244874 0.33422157 0.33332969]\n",
      "[0.33293507 0.33323385 0.33383108]\n",
      "[0.33244876 0.33423955 0.33331169]\n",
      "[0.33294041 0.3332141  0.33384549]\n",
      "[0.33243032 0.33426777 0.33330192]\n",
      "[0.33292085 0.3331973  0.33388186]\n",
      "[0.33240895 0.33428334 0.33330771]\n",
      "[0.33292845 0.3332077  0.33386384]\n",
      "[0.33240875 0.33430214 0.33328911]\n",
      "[0.33293391 0.33318731 0.33387878]\n",
      "[0.33240856 0.33432112 0.33327033]\n",
      "[0.33291247 0.33319453 0.333893  ]\n",
      "[0.33238672 0.33433736 0.33327592]\n",
      "[0.33292023 0.33320515 0.33387462]\n",
      "[0.33238639 0.33435679 0.33325682]\n",
      "[0.3329258  0.33318434 0.33388985]\n",
      "[0.33245912 0.33420233 0.33333855]\n",
      "[0.33276538 0.33326091 0.33397372]\n",
      "[0.33240945 0.33429291 0.33329764]\n",
      "[0.3326949  0.33338989 0.33391521]\n",
      "[0.33240954 0.33431208 0.33327838]\n",
      "[0.33267194 0.33339871 0.33392936]\n",
      "[0.33240963 0.33433144 0.33325893]\n",
      "[0.33264874 0.33340761 0.33394364]\n",
      "[0.33237455 0.33431563 0.33330982]\n",
      "[0.33264243 0.33340896 0.33394861]\n",
      "[0.33237464 0.33433539 0.33328997]\n",
      "[0.33264637 0.33338785 0.33396578]\n",
      "[0.33245192 0.33417136 0.33337672]\n",
      "[0.33247548 0.3334703  0.33405422]\n",
      "[0.33242947 0.33418662 0.33338391]\n",
      "[0.33247982 0.33348472 0.33403546]\n",
      "[0.33283521 0.33398755 0.33317724]\n",
      "[0.33286641 0.3332888  0.33384479]\n",
      "[0.33278136 0.33409186 0.33312678]\n",
      "[0.33279739 0.33341715 0.33378546]\n",
      "[0.33275012 0.33407376 0.33317612]\n",
      "[0.33279247 0.33341849 0.33378904]\n",
      "[0.33272522 0.33411928 0.3331555 ]\n",
      "[0.33276616 0.33339846 0.33383538]\n",
      "[0.33269551 0.33410356 0.33320093]\n",
      "[0.33276114 0.33339982 0.33383903]\n",
      "[0.33270006 0.33412239 0.33317755]\n",
      "[0.33276775 0.33337569 0.33385657]\n",
      "[0.33270466 0.3341414  0.33315394]\n",
      "[0.33277442 0.33335131 0.33387427]\n",
      "[0.33267422 0.33412537 0.3332004 ]\n",
      "[0.3327695  0.33335222 0.33387829]\n",
      "[0.33307235 0.3339307  0.33299695]\n",
      "[0.33314944 0.33315974 0.33369082]\n",
      "[0.33305153 0.33397309 0.33297537]\n",
      "[0.33312748 0.33313789 0.33373463]\n",
      "[0.3334206  0.33379332 0.33278608]\n",
      "[0.3334797  0.33295892 0.33356138]\n",
      "[0.33339375 0.33381186 0.3327944 ]\n",
      "[0.33349613 0.33297007 0.33353379]\n",
      "[0.33337748 0.33385041 0.33277211]\n",
      "[0.33347761 0.33294628 0.33357611]\n",
      "[0.33347929 0.33365308 0.33286763]\n",
      "[0.33327789 0.33304286 0.33367925]\n",
      "[0.33358211 0.33345382 0.33296407]\n",
      "[0.33307622 0.33314038 0.3337834 ]\n",
      "[0.33368593 0.33325261 0.33306147]\n",
      "[0.33287257 0.33323886 0.33388857]\n",
      "[0.33348407 0.33335453 0.3331614 ]\n",
      "[0.33296954 0.33303434 0.33399612]\n",
      "[0.33345851 0.33336829 0.3331732 ]\n",
      "[0.3329818  0.33304725 0.33397095]\n",
      "[0.33384942 0.33317376 0.33297682]\n",
      "[0.33338657 0.33284049 0.33377295]\n",
      "[0.33377603 0.33332915 0.33289482]\n",
      "[0.33330442 0.33300098 0.33369461]\n",
      "[0.33375574 0.33330437 0.33293989]\n",
      "[0.33330506 0.33299855 0.33369639]\n",
      "[0.33386735 0.33308966 0.33304299]\n",
      "[0.33308908 0.3331029  0.33380802]\n",
      "[0.33382028 0.33319199 0.33298773]\n",
      "[0.33306478 0.33307875 0.33385647]\n",
      "[0.3337775  0.33328584 0.33293666]\n",
      "[0.33304222 0.33305633 0.33390145]\n",
      "[0.33355773 0.33339755 0.33304473]\n",
      "[0.33314918 0.33283344 0.33401738]\n",
      "[0.33348397 0.33355013 0.33296591]\n",
      "[0.33305723 0.3330088  0.33393397]\n",
      "[0.33349937 0.3335662  0.33293442]\n",
      "[0.33306898 0.33297641 0.33395461]\n",
      "[0.33327233 0.33368303 0.33304465]\n",
      "[0.33317919 0.33274674 0.33407407]\n",
      "[0.3332012  0.33382754 0.33297126]\n",
      "[0.3330812  0.33293393 0.33398487]\n",
      "[0.33321401 0.33384672 0.33293927]\n",
      "[0.33304831 0.33294504 0.33400665]\n",
      "[0.33365569 0.33363016 0.33271415]\n",
      "[0.33348675 0.33272081 0.33379244]\n",
      "[0.33362395 0.33365068 0.33272537]\n",
      "[0.33350691 0.3327332  0.33375988]\n",
      "[0.33364133 0.33366833 0.33269034]\n",
      "[0.33347319 0.33274486 0.33378196]\n",
      "[0.33360909 0.33368942 0.33270149]\n",
      "[0.3334934  0.33275768 0.33374892]\n",
      "[0.33362647 0.33370761 0.33266592]\n",
      "[0.33351043 0.33272103 0.33376854]\n",
      "[0.33359694 0.33377627 0.33262679]\n",
      "[0.33348819 0.33269087 0.33382094]\n",
      "[0.33356741 0.33374854 0.33268405]\n",
      "[0.33349117 0.3326858  0.33382303]\n",
      "[0.33350354 0.33388502 0.33261144]\n",
      "[0.3333961  0.33287268 0.33373122]\n",
      "[0.3334757  0.33386101 0.33266328]\n",
      "[0.33339816 0.33286946 0.33373238]\n",
      "[0.33343997 0.33388496 0.33267507]\n",
      "[0.33341881 0.33288473 0.33369646]\n",
      "[0.33357367 0.33362559 0.33280074]\n",
      "[0.33315701 0.33301137 0.33383162]\n",
      "[0.33354867 0.33360111 0.33285022]\n",
      "[0.33315649 0.33300937 0.33383414]\n",
      "[0.33328372 0.33373753 0.33297875]\n",
      "[0.33328664 0.33274195 0.33397141]\n",
      "[0.33324762 0.33375943 0.33299295]\n",
      "[0.33330676 0.33275654 0.3339367 ]\n",
      "[0.33374831 0.33351266 0.33273902]\n",
      "[0.33379523 0.33250678 0.33369799]\n",
      "[0.33371146 0.33353502 0.33275352]\n",
      "[0.33382072 0.33251917 0.33366012]\n",
      "[0.33373255 0.33355432 0.33271313]\n",
      "[0.33384254 0.33247715 0.33368031]\n",
      "[0.33365644 0.33371658 0.33262698]\n",
      "[0.33373585 0.33269211 0.33357204]\n",
      "[0.33367714 0.33373789 0.33258497]\n",
      "[0.33375813 0.33264922 0.33359265]\n",
      "[0.33369805 0.33375941 0.33254254]\n",
      "[0.33371847 0.33266426 0.33361727]\n",
      "[0.33362736 0.3339122  0.33246044]\n",
      "[0.33361676 0.33286868 0.33351456]\n",
      "[0.33333625 0.33406541 0.33259835]\n",
      "[0.33376461 0.33257406 0.33366133]\n",
      "[0.33335404 0.33409062 0.33255534]\n",
      "[0.33372413 0.33258878 0.3336871 ]\n",
      "[0.33332804 0.33415063 0.33252134]\n",
      "[0.33369483 0.33254813 0.33375704]\n",
      "[0.33302806 0.33430921 0.33266272]\n",
      "[0.3338463  0.33224453 0.33390917]\n",
      "[0.33304309 0.33433727 0.33261964]\n",
      "[0.33386891 0.33219868 0.33393241]\n",
      "[0.33300218 0.33430929 0.33268854]\n",
      "[0.33387564 0.33218854 0.33393582]\n",
      "[0.33297428 0.33436822 0.3326575 ]\n",
      "[0.3338498  0.33214584 0.33400437]\n",
      "[0.33290337 0.33451317 0.33258346]\n",
      "[0.3337194  0.33240513 0.33387547]\n",
      "[0.33288327 0.33455659 0.33256015]\n",
      "[0.33369456 0.33236713 0.33393831]\n",
      "[0.33256356 0.33472701 0.33270943]\n",
      "[0.33385476 0.33204416 0.33410108]\n",
      "[0.33254132 0.33477002 0.33268866]\n",
      "[0.3338336  0.33200488 0.33416152]\n",
      "[0.33317603 0.33446218 0.33236179]\n",
      "[0.33437615 0.3317236  0.33390025]\n",
      "[0.33311383 0.33459466 0.33229152]\n",
      "[0.33424216 0.33199618 0.33376165]\n",
      "[0.33307458 0.33457023 0.33235519]\n",
      "[0.33425367 0.33198501 0.33376132]\n",
      "[0.33273716 0.33475069 0.33251215]\n",
      "[0.3344275  0.33164258 0.33392992]\n",
      "[0.33272368 0.33477991 0.33249641]\n",
      "[0.33441328 0.33160047 0.33398625]\n",
      "[0.3326832  0.33476001 0.33255679]\n",
      "[0.33442682 0.3315856  0.33398757]\n",
      "[0.33262006 0.33488754 0.3324924 ]\n",
      "[0.33428417 0.33187515 0.33384068]\n",
      "[0.33263463 0.33492519 0.33244018]\n",
      "[0.33431482 0.33181837 0.33386681]\n",
      "[0.33328974 0.33460896 0.3321013 ]\n",
      "[0.33484936 0.33154159 0.33360905]\n",
      "[0.33323675 0.33472674 0.33203652]\n",
      "[0.33471982 0.33181269 0.33346748]\n",
      "[0.333183   0.33476731 0.3320497 ]\n",
      "[0.33476252 0.33182578 0.33341171]\n",
      "[0.33314639 0.33474656 0.33210705]\n",
      "[0.33477944 0.33181303 0.33340753]\n",
      "[0.3331449  0.33476002 0.33209508]\n",
      "[0.33476597 0.33176984 0.33346419]\n",
      "[0.33277004 0.33496167 0.33226829]\n",
      "[0.33496365 0.33138838 0.33364797]\n",
      "[0.33295884 0.33458941 0.33245175]\n",
      "[0.33458853 0.33156388 0.33384759]\n",
      "[0.33290396 0.33462774 0.3324683 ]\n",
      "[0.33463135 0.3315759  0.33379275]\n",
      "[0.33359497 0.33429201 0.33211302]\n",
      "[0.33519638 0.33128314 0.33352048]\n",
      "[0.33362187 0.334326   0.33205213]\n",
      "[0.33523794 0.33121713 0.33354493]\n",
      "[0.33355269 0.33447986 0.33196746]\n",
      "[0.33509287 0.33152358 0.33338355]\n",
      "[0.33375829 0.33408562 0.3321561 ]\n",
      "[0.33469724 0.33171144 0.33359132]\n",
      "[0.33396585 0.33368763 0.33234651]\n",
      "[0.33429786 0.33190107 0.33380108]\n",
      "[0.33386417 0.33390683 0.33222901]\n",
      "[0.3341553  0.33219097 0.33365372]\n",
      "[0.3338297  0.33399206 0.33217824]\n",
      "[0.33413245 0.33214847 0.33371908]\n",
      "[0.33379644 0.33396042 0.33224315]\n",
      "[0.33414359 0.33213957 0.33371684]\n",
      "[0.33382729 0.33399294 0.33217977]\n",
      "[0.33408326 0.3321617  0.33375504]\n",
      "[0.33379448 0.33396179 0.33224372]\n",
      "[0.33409394 0.33215296 0.3337531 ]\n",
      "[0.33382596 0.33399498 0.33217906]\n",
      "[0.33403242 0.33217556 0.33379202]\n",
      "[0.33376602 0.3340342  0.33219977]\n",
      "[0.33407335 0.33219756 0.33372909]\n",
      "[0.33399004 0.33360303 0.33240694]\n",
      "[0.33363938 0.3324063  0.33395431]\n",
      "[0.33402407 0.33363311 0.33234281]\n",
      "[0.33357637 0.33242992 0.33399371]\n",
      "[0.33398968 0.33359482 0.3324155 ]\n",
      "[0.3335817  0.33242367 0.33399463]\n",
      "[0.33402441 0.33362552 0.33235007]\n",
      "[0.33351744 0.33244779 0.33403477]\n",
      "[0.33477449 0.33325619 0.33196931]\n",
      "[0.33426969 0.33206455 0.33366576]\n",
      "[0.33432211 0.33348933 0.33218857]\n",
      "[0.33450411 0.33160224 0.33389365]\n",
      "[0.33420235 0.33374955 0.3320481 ]\n",
      "[0.33433706 0.3319422  0.33372075]\n",
      "[0.33424007 0.33378265 0.33197728]\n",
      "[0.33427057 0.33196637 0.33376306]\n",
      "[0.33377318 0.33402586 0.33220097]\n",
      "[0.33451132 0.33149036 0.33399832]\n",
      "[0.3333019  0.33427137 0.33242674]\n",
      "[0.33475433 0.3310099  0.33423577]\n",
      "[0.33354319 0.33379825 0.33265856]\n",
      "[0.33427922 0.33123    0.33449078]\n",
      "[0.33346756 0.33395824 0.33257421]\n",
      "[0.33425052 0.33117091 0.33457857]\n",
      "[0.33349902 0.33399471 0.33250627]\n",
      "[0.334185   0.33118629 0.33462871]\n",
      "[0.33344993 0.33395056 0.33259951]\n",
      "[0.33419716 0.33116819 0.33463464]\n",
      "[0.33370079 0.33345807 0.33284114]\n",
      "[0.33370262 0.33139666 0.33490072]\n",
      "[0.33373579 0.33349059 0.33277361]\n",
      "[0.33373395 0.33132175 0.3349443 ]\n",
      "[0.33323461 0.33374508 0.33302031]\n",
      "[0.33398246 0.33081158 0.33520596]\n",
      "[0.3342023  0.33326436 0.33253334]\n",
      "[0.33487995 0.33034363 0.33477642]\n",
      "[0.33410997 0.33346538 0.33242465]\n",
      "[0.33485815 0.33027662 0.33486523]\n",
      "[0.33437889 0.33294588 0.33267523]\n",
      "[0.33434002 0.3305107  0.33514927]\n",
      "[0.33528947 0.33249177 0.33221876]\n",
      "[0.33523092 0.33004496 0.33472412]\n",
      "[0.33522252 0.33252664 0.33225084]\n",
      "[0.33529289 0.330054   0.33465311]\n",
      "[0.33504239 0.33291516 0.33204244]\n",
      "[0.33504215 0.33056146 0.33439639]\n",
      "[0.33495675 0.33311584 0.33192741]\n",
      "[0.33501966 0.33049433 0.33448601]\n",
      "[0.33524843 0.33256561 0.33218596]\n",
      "[0.33447201 0.33074633 0.33478166]\n",
      "[0.33506566 0.33296026 0.33197409]\n",
      "[0.33423267 0.33122212 0.33454522]\n",
      "[0.33499291 0.33300166 0.33200543]\n",
      "[0.33428657 0.33124526 0.33446817]\n",
      "[0.33491944 0.33304348 0.33203707]\n",
      "[0.33434102 0.33126863 0.33439035]\n",
      "[0.33487864 0.33298402 0.33213734]\n",
      "[0.33435477 0.33125136 0.33439387]\n",
      "[0.33580955 0.33252224 0.3316682 ]\n",
      "[0.33529224 0.33076899 0.33393877]\n",
      "[0.33573316 0.3325648  0.33170204]\n",
      "[0.33535781 0.33078829 0.3338539 ]\n",
      "[0.33579451 0.33259371 0.33161178]\n",
      "[0.33527702 0.33081302 0.33390997]\n",
      "[0.33520321 0.33289477 0.33190203]\n",
      "[0.33558749 0.33020714 0.33420538]\n",
      "[0.33512493 0.33293898 0.3319361 ]\n",
      "[0.33565704 0.33022166 0.3341213 ]\n",
      "[0.33503124 0.33315751 0.33181125]\n",
      "[0.33562095 0.33013171 0.33424734]\n",
      "[0.33508654 0.33319363 0.33171984]\n",
      "[0.33567747 0.33003276 0.33428977]\n",
      "[0.33607332 0.33270658 0.33122011]\n",
      "[0.33660883 0.32954859 0.33384258]\n",
      "[0.33599095 0.33275536 0.33125369]\n",
      "[0.33669088 0.32955835 0.33375077]\n",
      "[0.33536196 0.33307816 0.33155988]\n",
      "[0.33703043 0.32891181 0.33405776]\n",
      "[0.33570316 0.33243784 0.33185899]\n",
      "[0.33639739 0.32919986 0.33440275]\n",
      "[0.33562157 0.3324816  0.33189683]\n",
      "[0.33647831 0.32920713 0.33431456]\n",
      "[0.33665235 0.33196871 0.33137895]\n",
      "[0.33743857 0.32870494 0.33385649]\n",
      "[0.33661863 0.33188849 0.33149289]\n",
      "[0.3374828  0.32866096 0.33385624]\n",
      "[0.33669364 0.33191499 0.33139136]\n",
      "[0.33739909 0.32867625 0.33392466]\n",
      "[0.33766373 0.33143221 0.33090406]\n",
      "[0.33831525 0.32819533 0.33348942]\n",
      "[0.33757741 0.33147807 0.33094452]\n",
      "[0.33841784 0.32819415 0.33338801]\n",
      "[0.33755294 0.331393   0.33105407]\n",
      "[0.33847159 0.32814459 0.33338382]\n",
      "[0.33744589 0.33167002 0.3308841 ]\n",
      "[0.3384455  0.32801661 0.33353789]\n",
      "[0.33725026 0.33212305 0.33062669]\n",
      "[0.33813987 0.3286726  0.33318754]\n",
      "[0.33654514 0.33248397 0.33097089]\n",
      "[0.33853058 0.3279466  0.33352282]\n",
      "[0.33662261 0.33251973 0.33085765]\n",
      "[0.33861848 0.32782233 0.3335592 ]\n",
      "[0.33643579 0.33294787 0.33061634]\n",
      "[0.33830206 0.32850111 0.33319683]\n",
      "[0.33651254 0.33298877 0.33049869]\n",
      "[0.33820651 0.32852483 0.33326866]\n",
      "[0.33691763 0.33224609 0.33083628]\n",
      "[0.3374734  0.32886477 0.33366183]\n",
      "[0.33687894 0.33216108 0.33095997]\n",
      "[0.33751855 0.32882293 0.33365851]\n",
      "[0.33667064 0.33263324 0.33069611]\n",
      "[0.33721439 0.32946651 0.3333191 ]\n",
      "[0.33675198 0.33267305 0.33057497]\n",
      "[0.33729818 0.32933902 0.3333628 ]\n",
      "[0.33667278 0.33289179 0.33043543]\n",
      "[0.33726051 0.32922281 0.33351668]\n",
      "[0.33675457 0.33293467 0.33031075]\n",
      "[0.33734518 0.32909201 0.33356281]\n",
      "[0.33683718 0.33297798 0.33018484]\n",
      "[0.33743071 0.32895992 0.33360937]\n",
      "[0.33676697 0.33318353 0.3300495 ]\n",
      "[0.33739992 0.32884544 0.33375464]\n",
      "[0.33659018 0.3336007  0.32980911]\n",
      "[0.33709602 0.32948655 0.33341744]\n",
      "[0.33647894 0.3336758  0.32984526]\n",
      "[0.3371975  0.32950974 0.33329276]\n",
      "[0.33656009 0.33372807 0.32971184]\n",
      "[0.33708423 0.32954694 0.33336883]\n",
      "[0.33649819 0.33363821 0.3298636 ]\n",
      "[0.33712669 0.32951317 0.33336013]\n",
      "[0.3363319  0.33403383 0.32963428]\n",
      "[0.33684142 0.33011833 0.33304025]\n",
      "[0.33618181 0.33439795 0.32942024]\n",
      "[0.33658241 0.33067158 0.33274601]\n",
      "[0.3362623  0.33446002 0.32927768]\n",
      "[0.33667358 0.33052881 0.33279761]\n",
      "[0.33614034 0.33454766 0.32931201]\n",
      "[0.33677381 0.3305657  0.33266049]\n",
      "[0.33527183 0.33501181 0.32971636]\n",
      "[0.33723937 0.32968162 0.33307901]\n",
      "[0.33534403 0.33508133 0.32957464]\n",
      "[0.33711705 0.32972531 0.33315764]\n",
      "[0.33445947 0.33555513 0.32998541]\n",
      "[0.33758975 0.32882527 0.33358498]\n",
      "[0.33442743 0.33566364 0.32990892]\n",
      "[0.33754497 0.3286943  0.33376073]\n",
      "[0.33449204 0.335741   0.32976696]\n",
      "[0.33763978 0.32854377 0.33381645]\n",
      "[0.33433221 0.33610576 0.32956203]\n",
      "[0.33729531 0.32926716 0.33343753]\n",
      "[0.33431928 0.33617927 0.32950145]\n",
      "[0.33725402 0.32914676 0.33359922]\n",
      "[0.33338866 0.33668302 0.32992832]\n",
      "[0.3377487  0.32819953 0.33405177]\n",
      "[0.33499512 0.33590568 0.3290992 ]\n",
      "[0.33904487 0.32752768 0.33342745]\n",
      "[0.33404466 0.3364202  0.32953514]\n",
      "[0.33956248 0.32655738 0.33388014]\n",
      "[0.33403025 0.33649406 0.32947569]\n",
      "[0.33954868 0.32641532 0.33403599]\n",
      "[0.33562696 0.33572265 0.32865039]\n",
      "[0.3407754  0.32577063 0.33345397]\n",
      "[0.33563026 0.33578584 0.3285839 ]\n",
      "[0.34078008 0.32562696 0.33359296]\n",
      "[0.33711658 0.33507091 0.32781251]\n",
      "[0.34192604 0.32502074 0.33305322]\n",
      "[0.33713656 0.33512417 0.32773927]\n",
      "[0.3419481  0.32487527 0.33317662]\n",
      "[0.33769989 0.33410695 0.32819317]\n",
      "[0.34093941 0.32533127 0.33372932]\n",
      "[0.33910528 0.33342778 0.32746694]\n",
      "[0.3421204  0.32470597 0.33317363]\n",
      "[0.34040364 0.33280279 0.32679357]\n",
      "[0.34321471 0.32412316 0.33266213]\n",
      "[0.34025259 0.33323346 0.32651395]\n",
      "[0.34281435 0.32501637 0.33216928]\n",
      "[0.34038488 0.33329284 0.32632228]\n",
      "[0.34266875 0.32505224 0.332279  ]\n",
      "[0.3405185  0.33335277 0.32612873]\n",
      "[0.34252171 0.32508845 0.33238984]\n",
      "[0.34036772 0.33346548 0.3261668 ]\n",
      "[0.34270272 0.32508867 0.33220861]\n",
      "[0.34050175 0.33352776 0.32597049]\n",
      "[0.34255358 0.32512647 0.33231995]\n",
      "[0.34042262 0.33338055 0.32619683]\n",
      "[0.34265588 0.32505208 0.33229204]\n",
